4.7709066764263
4.2631906920038265
3.810746700509522
3.4075575717052526
3.0482612242191323
2.7280793143057402
2.442753687833161
2.1884897503608904
1.9619060021776025
1.75998906715654
1.5800536173496105
1.4197066603504624
1.2768157144780696
1.1494804485371293
1.0360074089875826
0.9348874984155588
0.8447759057880475
0.7644742215803374
0.692914499922216
0.6291450558026835
0.5723178084477802
0.5216770025489212
0.4765491573434355
0.43633410987839993
0.40049703334059783
0.36856132430300703
0.3401022642940846
0.31474137139397335
0.29214136673853974
0.27200168898991534
0.25405449711971734
0.23806110834527644
0.22380882384637635
0.2111081000471643
0.19979002784362979
0.1897040862524608
0.18071614060667304
0.1727066586756681
0.16556912098560025
0.15920860419862387
0.15354051871114485
0.14848948368217482
0.14398832453059848
0.13997717956889943
0.1364027038923107
0.13321735993577818
0.13037878526372965
0.127849229184779
0.12559505069880725
0.12358627109953224
0.12179617528255275
0.12020095645659297
0.11877939953290242
0.11751259898215252
0.11638370740655943
0.11537771148345174
0.11448123230051732
0.11368234742735378
0.11297043235702234
0.11233601920890747
0.11177067081374896
0.11126686850628104
0.11081791213321328
0.11041783094674311
0.11006130419855688
0.10974359037828518
0.10946046415534355
0.10920816018553621
0.10898332303509801
0.10878296255620508
0.10860441412048641
0.10844530318167378
0.10830351369610407
0.10817715998109136
0.10806456163690982
0.10796422119886927
0.10787480422227558
0.10779512153542178
0.10772411342458961
0.1076608355407351
0.10760444634042848
0.1075541958940241
0.10750941591221704
0.10746951085834945
0.10743395002826608
0.10740226049238892
0.10737402080614551
0.10734885540510529
0.10732642961028391
0.10730644517718994
0.10728863632942033
0.10727276622405435
0.10725862380183886
0.10724602098027547
0.10723479015227878
0.10722478195714112
0.10721586329415889
0.10720791555250359
0.10720083303379585
0.10719452154640466
0.1071888971527769
0.10718388505313697
0.1071794185907123
0.10717543836525299
0.10717189144305808
0.107168730653001
0.1071659139591927
0.10716340390193917
0.10716116709955845
0.1071591738044321
0.10715739750738643
0.10715581458514231
0.10715440398614538
0.10715314695059765
0.10715202676096777
0.1071510285196618
0.10715013895089734
0.1071493462241468
0.10714863979680128
0.10714801027396234
0.10714744928349769
0.107146949364699
0.10714650386906041
0.10714610687185902
0.10714575309336097
0.10714543782860532
0.10714515688483203
0.10714490652572167
0.10714468342170552
0.10714448460568496
0.10714430743357164
0.10714414954912334
0.10714400885260758
0.1071438834728773
0.10714377174248596
0.10714367217551199
0.10714358344779705
0.10714350437933608
0.10714343391858405
0.10714337112847129
0.1071433151739414
0.10714326531084545
0.10714322087604557
0.10714318127859573
0.10714314599188268
0.10714311454662238
0.10714308652461887
0.10714306155320275
0.1071430393002749
0.10714301946988977
0.1071430017983197
0.10714298605054742
0.10714297201714061
0.10714295951146662
0.10714294836721033
0.10714293843616234
0.10714292958624796
0.10714292169977069
0.10714291467184685
0.10714290840901088
0.10714290282797233
0.10714289785450797
0.10714289342247481
0.10714288947293049
0.1071428859533494
0.10714288281692394
0.10714288002194235
0.1071428775312336
0.1071428753116734
0.10714287333374341
0.10714287157113876
0.1071428700004183
0.10714286860069278
0.10714286735334692
0.1071428662417922
0.10714286525124571
0.10714286436853412
0.107142863581918
0.1071428628809361
0.10714286225626586
0.10714286169959975
0.1071428612035345
0.1071428607614729
0.10714286036753595
0.10714286001648451
0.10714285970364996
0.10714285942487178
0.10714285917644255
0.10714285895505829
0.10714285875777484
0.10714285858196845
0.10714285842530101
0.10714285828568906
0.10714285816127579
0.10714285805040667
0.10714285795160718
0.10714285786356342
0.10714285778510448
0.10714285771518683
0.10714285765288077
0.10714285759735757
0.10714285754787882
0.10714285750378653
0.10714285746449433
0.10714285742947961
0.10714285739827674
0.10714285737047076
0.10714285734569183
0.10714285732361042
0.1071428573039329
0.10714285728639751
0.10714285727077115
0.10714285725684593
0.10714285724443665
0.1071428572333783
0.1071428572235238
0.10714285721474211
0.10714285720691642
0.10714285719994268
0.10714285719372812
0.10714285718819008
0.10714285718325496
0.10714285717885709
0.107142857174938
0.10714285717144556
0.1071428571683333
0.10714285716555988
0.10714285716308836
0.10714285716088592
0.10714285715892323
0.1071428571571742
0.10714285715561557
0.10714285715422665
0.10714285715298892
0.10714285715188594
0.107142857150903
0.10714285715002711
0.10714285714924657
0.10714285714855099
0.10714285714793113
0.10714285714737876
0.10714285714688651
0.10714285714644786
0.107142857146057
0.10714285714570862
0.1071428571453982
0.10714285714512156
0.10714285714487505
0.10714285714465538
0.10714285714445962
0.10714285714428513
0.10714285714412967
0.10714285714399116
0.10714285714386773
0.10714285714375768
0.10714285714365966
0.1071428571435723
0.10714285714349445
0.10714285714342507
0.10714285714336325
0.10714285714330814
0.10714285714325905
0.1071428571432153
0.1071428571431763
0.10714285714314155
0.10714285714311059
0.10714285714308301
0.1071428571430584
0.1071428571430365
0.107142857143017
0.10714285714299958
0.10714285714298408
0.10714285714297027
0.10714285714295795
0.10714285714294695
0.10714285714293718
0.10714285714292847
0.10714285714292068
0.10714285714291381
0.10714285714290761
0.10714285714290213
0.10714285714289722
0.10714285714289287
0.10714285714288897
0.10714285714288552
0.10714285714288242
0.10714285714287966
0.10714285714287723
0.10714285714287504
0.10714285714287307
0.10714285714287135
0.10714285714286982
0.10714285714286843
0.1071428571428672
0.10714285714286609
0.10714285714286512
0.10714285714286428
0.10714285714286349
0.1071428571428628
0.10714285714286219
0.1071428571428616
0.10714285714286113
0.10714285714286069
0.10714285714286033
0.10714285714285997
0.10714285714285965
0.10714285714285939
0.10714285714285915
0.10714285714285891
0.10714285714285875
0.10714285714285857
0.1071428571428584
0.10714285714285826
0.10714285714285815
0.10714285714285804
0.10714285714285793
0.10714285714285784
0.10714285714285778
0.1071428571428577
0.10714285714285765
0.10714285714285758
0.10714285714285753
0.1071428571428575
0.10714285714285747
0.10714285714285741
0.1071428571428574
0.10714285714285737
0.10714285714285735
0.10714285714285732
0.1071428571428573
0.10714285714285729
0.10714285714285728
0.10714285714285728
0.10714285714285726
0.10714285714285725
0.10714285714285722
0.10714285714285719
0.10714285714285719
0.10714285714285716
0.10714285714285719
0.10714285714285719
0.10714285714285716
0.10714285714285716
0.10714285714285716
0.10714285714285718
0.10714285714285715
0.10714285714285715
0.10714285714285715
0.10714285714285715
0.10714285714285715
0.10714285714285714
0.10714285714285714
0.10714285714285714
0.10714285714285714
0.10714285714285715
0.10714285714285715
0.10714285714285714
0.10714285714285714
0.10714285714285714
0.10714285714285715
0.10714285714285715
0.10714285714285715
0.10714285714285714
0.10714285714285714
0.10714285714285714
0.10714285714285715
0.10714285714285712
0.10714285714285716
0.10714285714285715
0.10714285714285714
0.10714285714285714
0.10714285714285715
0.10714285714285711
0.10714285714285714
0.10714285714285714
0.10714285714285716
0.10714285714285715
0.10714285714285715
0.10714285714285715
0.10714285714285714
0.10714285714285714
0.10714285714285714
