34.2389382966695
32.321557752056
30.511550517940858
28.802903688936173
27.189941082355745
25.667304381743826
24.229935336366164
22.873058957529665
21.592167655908
20.38300626717715
19.24155791621523
18.164030672907177
17.146844955224374
16.186621637731808
15.280170826018828
14.424481259761771
13.616710309215115
12.85417453189907
12.134340758112721
11.454817675658411
10.813347885821537
10.207800404215531
9.636163581579464
9.096538421011015
8.5871322694344
8.106252862346075
7.652302702054695
7.223773750739633
6.819242420698213
6.437364845139112
6.07687241381132
5.736567558637891
5.4153197753541695
5.1120618679343375
4.825786403330011
4.55554236474353
4.300431992317891
4.0596078007480925
3.8322697639061962
3.617662657127452
3.4150735483283152
3.2238294296219276
3.0432949815631005
2.8728704625955648
2.7119897166902147
2.5601182925555603
2.416751668172449
2.281413574754792
2.1536544145685252
2.0330497673526895
1.919198980380937
1.8117238374796023
1.7102673025807469
1.6144923336362256
1.5240807629525956
1.4387322402272464
1.3581632347745216
1.2821060936271524
1.2103081523840313
1.1425308958505245
1.0785491656828983
1.0181504124046554
0.9611339893099969
0.9073104859086389
0.8565010986977534
0.8085370371706818
0.7632589630891214
0.7205164611561331
0.6801675393313862
0.6420781571288312
0.6061217803296135
0.5721789606311607
0.5401369388358153
0.5098892702610095
0.4813354711263933
0.4543806847433112
0.4289353663976839
0.40491498587941915
0.38223974667017036
0.3608343208566381
0.3406275988886704
0.32155245335090266
0.30354551596325313
0.28654696706930616
0.2705003369134246
0.2553523180462768
0.241052588235685
0.22755364329448613
0.2148106392699956
0.20278124347087495
0.19142549383650623
0.1807056661816626
0.17058614887548937
0.16103332453846186
0.15201545836430866
0.14350259269590523
0.13546644750493483
0.12788032644466069
0.12071902816375694
0.1139587625865871
0.10757707188174072
0.10155275585636328
0.09586580152840694
0.09049731664281699
0.08542946691081948
0.08064541676381314
0.0761292734250405
0.07186603411323758
0.06784153620289718
0.06404241017553489
0.06045603520570556
0.05707049723418572
0.053874549389070214
0.050857574623282546
0.04800955044437892
0.04532101561949354
0.04278303874480104
0.04038718857509145
0.03812550601488646
0.03599047767805285
0.033975010928080106
0.032072410316109176
0.030276355338408303
0.028580879439456204
0.026980350190847765
0.02546945058015991
0.0240431613476699
0.022696744312202005
0.02142572663071793
0.02022588593939826
0.019093236326788793
0.018024015092491068
0.017014670247311844
0.0160618487134634
0.015162385185508985
0.014313291615121074
0.013511747284672665
0.012755089436732665
0.01204080442827773
0.01136651938029304
0.010729994294999098
0.010129114614475118
0.009561884196063816
0.00902641868108464
0.008520939234946423
0.008043766637787894
0.007593315706071672
0.007168090026531538
0.00676667698504492
0.006387743073882774
0.006030029461743324
0.0056923478118864786
0.005373576334419904
0.0050726560596924195
0.0047885873203489205
0.004520426430410233
0.0042672825503103215
0.004028314727491196
0.0038027291027530902
0.0035897762729993747
0.0033887488017111333
0.0031989788688161335
0.003019836052160742
0.0028507252332377006
0.002691084620178773
0.002540383881447388
0.00239812238408813
0.002263827530578361
0.0021370531888654453
0.0020173782102873975
0.0019044050305124791
0.0017977583488015996
0.00169708388127075
0.0016020471839179777
0.0015123325416187417
0.001427641919289705
0.0013476939718097829
0.00127222310938838
0.00120097861526355
0.001133723812806887
0.0010702352792928164
0.001010302103652145
0.0009537251858497024
0.0009003165754426993
0.0008498988472161899
0.0008023045117716185
0.0007573754591121164
0.0007149624334054378
0.0006749245371318041
0.0006371287630528451
0.0006014495523213231
0.0005677683773907813
0.000535973348257395
0.0005059588407543981
0.00047762514567158907
0.00045087813751292497
0.0004256289618126081
0.0004017937399520517
0.0003792932905149428
0.000358052866247455
0.0003380019057358792
0.0003190737990150568
0.00030120566626918617
0.00028433814895928244
0.0002684152126173667
0.00025338396070949284
0.00023919445891131376
0.00022579956921368194
0.0002131547933373289
0.00020121812491054398
0.0001899499099155887
0.0001793127149591953
0.0001692712029225003
0.00015979201555957884
0.00015084366268785558
0.00014239641757661216
0.00013442221819351014
0.00012689457397469867
0.0001197884778340072
0.00011308032307616446
0.00010674782498386911
0.00010076994678541806
9.5126829766437e-5
8.979972729804942e-5
8.477094257046401e-5
8.002376978610352e-5
7.554243867818974e-5
7.131206210859363e-5
6.731858663284616e-5
6.354874577764107e-5
5.999001601575621e-5
5.6630575119351175e-5
5.345926291425016e-5
5.046554418996188e-5
4.76394737155074e-5
4.497166318865989e-5
4.245325004888408e-5
4.0075868046267155e-5
3.783161943580934e-5
3.57130487477733e-5
3.3713118020103666e-5
3.182518340844561e-5
3.0042973139534647e-5
2.8360566643097694e-5
2.6772374910938517e-5
2.5273121916149543e-5
2.3857827087111787e-5
2.2521788771281092e-5
2.126056859863733e-5
2.0069976757043296e-5
1.8946058058930233e-5
1.7885078807474387e-5
1.6883514395064735e-5
1.593803759229734e-5
1.5045507485103896e-5
1.4202959066294803e-5
1.3407593358421517e-5
1.265676812950583e-5
1.1947989116223029e-5
1.127890172627726e-5
1.0647283228761651e-5
1.0051035368443379e-5
9.488177387958766e-6
8.956839454778212e-6
8.455256444582108e-6
7.981762085444015e-6
7.5347834100659525e-6
7.112835536163046e-6
6.714516748619918e-6
6.338503811822645e-6
5.983547595695187e-6
5.648468928771189e-6
5.332154669508622e-6
5.033554008094016e-6
4.751674985233453e-6
4.485581185223834e-6
4.2343886384744775e-6
3.997262875071607e-6
3.773416154193205e-6
3.5621048499050618e-6
3.3626269788931967e-6
3.1743198679344976e-6
2.9965579541971867e-6
2.828750707380463e-6
2.670340668040981e-6
2.520801589545438e-6
2.3796367021763506e-6
2.246377049776103e-6
2.12057993221523e-6
2.00182745745315e-6
1.8897251193484169e-6
1.7839005120670144e-6
1.6840020843709992e-6
1.5896979667594352e-6
1.500674881510207e-6
1.416637088833964e-6
1.337305408392498e-6
1.2624163058189514e-6
1.1917209971370798e-6
1.124984621322525e-6
1.0619854822621758e-6
1.0025142938537154e-6
9.463734945032525e-7
8.933765779519157e-7
8.43347490988387e-7
7.961200311614338e-7
7.515373113783811e-7
7.094512216774162e-7
6.697219522335002e-7
6.322175239007227e-7
5.968133432480986e-7
5.633917962196405e-7
5.318418562392804e-7
5.020587111569019e-7
4.739434256784616e-7
4.4740259186340734e-7
4.223480487061655e-7
3.986965574410206e-7
3.76369550013303e-7
3.5529285619732e-7
3.353964558357657e-7
3.166142540024808e-7
2.988838571072681e-7
2.821463621894847e-7
2.663461637966693e-7
2.5143077939026094e-7
2.373506559102081e-7
2.240590190460926e-7
2.1151171465779135e-7
1.9966705898865575e-7
1.8848570206746775e-7
1.7793050429917268e-7
1.679663957845949e-7
1.5856027803264985e-7
1.496809024351878e-7
1.4129877197920605e-7
1.3338604421513464e-7
1.259164241765311e-7
1.1886510628665912e-7
1.1220866036977628e-7
1.0592497135958353e-7
9.999317649552684e-8
9.439355981258404e-8
8.910751916932317e-8
8.411749810588964e-8
7.940691707395682e-8
7.496012947413689e-8
7.076236167844911e-8
6.679967063782342e-8
6.30588886148458e-8
5.9527590211816706e-8
5.6194044325921855e-8
5.304717929317959e-8
5.007653578566714e-8
4.727225016854056e-8
4.462500394305757e-8
4.2126005219486514e-8
3.976694820872096e-8
3.7540000347521515e-8
3.543776022003795e-8
3.345324499706951e-8
3.157986186038218e-8
2.981138947561768e-8
2.8141950672684657e-8
2.6566002711185467e-8
2.5078306820622466e-8
2.3673921920028174e-8
2.2348182636670863e-8
2.1096683605129958e-8
1.9915270046741283e-8
1.8800014846247186e-8
1.7747212899463663e-8
1.6753366354411253e-8
1.581518021505617e-8
1.49295309394611e-8
1.4093474918284513e-8
1.3304240938336824e-8
1.2559203491008625e-8
1.185588811058503e-8
1.1191958185469024e-8
1.0565209933885602e-8
9.973557959031137e-9
